name: P-DOR
channels:
  - conda-forge
  - bioconda
  - defaults
  - r
dependencies:
  - _libgcc_mutex=0.1=conda_forge
  - _openmp_mutex=4.5=1_gnu
  - abricate=0.8=pl526ha92aebf_1
  - blast=2.12.0=pl5262h3289130_0
  - bzip2=1.0.8=h7f98852_4
  - c-ares=1.18.1=h7f98852_0
  - ca-certificates=2021.10.8=ha878542_0
  - cached-property=1.5.2=hd8ed1ab_1
  - cached_property=1.5.2=pyha770c72_1
  - curl=7.81.0=h494985f_0
  - emboss=6.6.0=h6debe1e_0
  - entrez-direct=16.2=he881be0_0
  - expat=2.4.4=h9c3ff4c_0
  - font-ttf-dejavu-sans-mono=2.37=hab24e00_0
  - font-ttf-inconsolata=3.000=h77eed37_0
  - font-ttf-source-code-pro=2.038=h77eed37_0
  - font-ttf-ubuntu=0.83=hab24e00_0
  - fontconfig=2.13.94=ha180cfb_0
  - fonts-conda-ecosystem=1=0
  - fonts-conda-forge=1=0
  - freetype=2.10.4=h0708190_1
  - giflib=5.2.1=h36c2ea0_2
  - h5py=3.6.0=nompi_py310he751f51_100
  - hdf5=1.12.1=nompi_h7f166f4_103
  - icu=69.1=h9c3ff4c_0
  - jbig=2.1=h7f98852_2003
  - jpeg=9e=h7f98852_0
  - krb5=1.19.2=h48eae69_3
  - ld_impl_linux-64=2.36.1=hea4e1c9_2
  - lerc=3.0=h9c3ff4c_0
  - libblas=3.9.0=13_linux64_openblas
  - libcblas=3.9.0=13_linux64_openblas
  - libcurl=7.81.0=h494985f_0
  - libdeflate=1.8=h7f98852_0
  - libedit=3.1.20191231=he28a2e2_2
  - libev=4.33=h516909a_1
  - libffi=3.4.2=h7f98852_5
  - libgcc=7.2.0=h69d50b8_2
  - libgcc-ng=11.2.0=h1d223b6_12
  - libgd=2.3.3=h3cfcdeb_1
  - libgfortran-ng=11.2.0=h69a702a_12
  - libgfortran5=11.2.0=h5c6108e_12
  - libgomp=11.2.0=h1d223b6_12
  - libiconv=1.16=h516909a_0
  - liblapack=3.9.0=13_linux64_openblas
  - libnghttp2=1.46.0=ha19adfc_0
  - libnsl=2.0.0=h7f98852_0
  - libopenblas=0.3.18=pthreads_h8fe5266_0
  - libpng=1.6.37=h21135ba_2
  - libssh2=1.10.0=ha35d2d1_2
  - libstdcxx-ng=11.2.0=he4da1e4_12
  - libtiff=4.3.0=h6f004c6_2
  - libuuid=2.32.1=h7f98852_1000
  - libwebp=1.2.2=h3452ae3_0
  - libwebp-base=1.2.2=h7f98852_1
  - libxml2=2.9.12=h885dcf4_1
  - libzlib=1.2.11=h36c2ea0_1013
  - lz4-c=1.9.3=h9c3ff4c_1
  - ncurses=6.3=h9c3ff4c_0
  - numpy=1.22.2=py310h454958d_0
  - openblas=0.3.18=pthreads_h4748800_0
  - openssl=3.0.0=h7f98852_2
  - pcre=8.45=h9c3ff4c_0
  - perl=5.26.2=h36c2ea0_1008
  - perl-archive-tar=2.18=1
  - perl-bioperl=1.6.924=4
  - perl-carp=1.38=pl526_3
  - perl-common-sense=3.74=pl526_2
  - perl-encode-locale=1.05=pl526h470a237_5
  - perl-exporter=5.72=pl526_1
  - perl-exporter-tiny=1.002001=pl526_0
  - perl-extutils-makemaker=7.36=pl526_1
  - perl-file-slurp=9999.27=pl526_0
  - perl-file-spec=3.48_01=pl526_1
  - perl-findbin=1.51=pl526_2
  - perl-json=4.02=pl526_0
  - perl-json-xs=2.34=pl526h6bb024c_3
  - perl-list-moreutils=0.428=pl526_1
  - perl-list-moreutils-xs=0.428=pl526_0
  - perl-lwp-simple=6.15=pl526h470a237_4
  - perl-test-harness=3.42=pl526_0
  - perl-text-csv=2.00=pl526_0
  - perl-threaded=5.32.1=hdfd78af_1
  - perl-types-serialiser=1.0=pl526_2
  - perl-xsloader=0.24=pl526_0
  - perl-yaml=1.29=pl526_0
  - pip=22.0.3=pyhd8ed1ab_0
  - pp-sketchlib=1.7.4=py310h65f7557_2
  - python=3.10.2=hc74c709_3_cpython
  - python_abi=3.10=2_cp310
  - readline=8.1=h46c0cb4_0
  - scipy=1.7.3=py310hea5193d_0
  - setuptools=60.7.1=py310hff52083_0
  - sqlite=3.37.0=h9cd32fc_0
  - tk=8.6.11=h27826a3_1
  - tzdata=2021e=he74cb21_0
  - unzip=6.0=h7f98852_3
  - wheel=0.37.1=pyhd8ed1ab_0
  - xz=5.2.5=h516909a_1
  - zlib=1.2.11=h36c2ea0_1013
  - zstd=1.5.2=ha95c52a_0
