16
CP006923.1 0.0000000 0.5759561 0.7053468 0.6826760 1.2787365 0.7197575 0.9911978 0.7057990 0.7231243 0.7262421 0.7134273 0.5629887 0.5654337 0.9668159 0.7072905 0.7026010 
1935       0.5759561 0.0000000 0.3932701 0.4188647 0.7681147 0.3942299 0.5681573 0.3934255 0.4051352 0.4073922 0.3987399 0.0277186 0.0202385 0.5542109 0.3942820 0.3911568 
2110       0.7053468 0.3932701 0.0000000 0.0263072 0.2416351 0.0173669 0.1318508 0.0115131 0.0174602 0.0189288 0.0144504 0.3823867 0.3800953 0.1264423 0.0115436 0.0100661 
2133       0.6826760 0.4188647 0.0263072 0.0000000 0.2472284 0.0262389 0.1531215 0.0263124 0.0263802 0.0308475 0.0262406 0.4030469 0.4051899 0.1477181 0.0203476 0.0218752 
2137       1.2787365 0.7681147 0.2416351 0.2472284 0.0000000 0.2422344 0.3508193 0.2341735 0.2471781 0.2452830 0.2384518 0.7690394 0.7482416 0.3667073 0.2422589 0.2398068 
2165       0.7197575 0.3942299 0.0173669 0.0262389 0.2422344 0.0000000 0.1355165 0.0115451 0.0115763 0.0101220 0.0057400 0.3877329 0.3898436 0.1368266 0.0115131 0.0129968 
2174       0.9911978 0.5681573 0.1318508 0.1531215 0.3508193 0.1355165 0.0000000 0.1285528 0.1429331 0.1378667 0.1321785 0.5791947 0.5574131 0.2283641 0.1355277 0.1335309 
2176       0.7057990 0.3934255 0.0115131 0.0263124 0.2341735 0.0115451 0.1285528 0.0000000 0.0174635 0.0130678 0.0086458 0.3825352 0.3846348 0.1297998 0.0115458 0.0100680 
2182       0.7231243 0.4051352 0.0174602 0.0263802 0.2471781 0.0115763 0.1429331 0.0174635 0.0000000 0.0160408 0.0115771 0.3895313 0.3916504 0.1375125 0.0115756 0.0130670 
2183       0.7262421 0.4073922 0.0189288 0.0308475 0.2452830 0.0101220 0.1378667 0.0130678 0.0160408 0.0000000 0.0043248 0.3963176 0.3984499 0.1392023 0.0159528 0.0174624 
2186       0.7134273 0.3987399 0.0144504 0.0262406 0.2384518 0.0057400 0.1321785 0.0086458 0.0115771 0.0043248 0.0000000 0.3877836 0.3898947 0.1334595 0.0115139 0.0129976 
DB_1955    0.5629887 0.0277186 0.3823867 0.4030469 0.7690394 0.3877329 0.5791947 0.3825352 0.3895313 0.3963176 0.3877836 0.0000000 0.0159518 0.5650644 0.3788802 0.3758206 
DB_1961    0.5654337 0.0202385 0.3800953 0.4051899 0.7482416 0.3898436 0.5574131 0.3846348 0.3916504 0.3984499 0.3898947 0.0159518 0.0000000 0.5436111 0.3809744 0.3779075 
DB_2018    0.9668159 0.5542109 0.1264423 0.1477181 0.3667073 0.1368266 0.2283641 0.1297998 0.1375125 0.1392023 0.1334595 0.5650644 0.5436111 0.0000000 0.1301147 0.1281247 
DB_2218    0.7072905 0.3942820 0.0115436 0.0203476 0.2422589 0.0115131 0.1355277 0.0115458 0.0115756 0.0159528 0.0115139 0.3788802 0.3809744 0.1301147 0.0000000 0.0043128 
DB_2221    0.7026010 0.3911568 0.0100661 0.0218752 0.2398068 0.0129968 0.1335309 0.0100680 0.0130670 0.0174624 0.0129976 0.3758206 0.3779075 0.1281247 0.0043128 0.0000000 
