16
CP006923.1 0.0000000 0.5759562 0.7053469 0.6826761 1.2787364 0.7197576 0.9911978 0.7057991 0.7231244 0.7262422 0.7134274 0.5629888 0.5654337 0.9668160 0.7072906 0.7026011 
1935       0.5759562 0.0000000 0.3932702 0.4188648 0.7681148 0.3942300 0.5681573 0.3934255 0.4051353 0.4073923 0.3987399 0.0277186 0.0202385 0.5542110 0.3942820 0.3911568 
2110       0.7053469 0.3932702 0.0000000 0.0263072 0.2416351 0.0173669 0.1318508 0.0115131 0.0174602 0.0189288 0.0144504 0.3823868 0.3800953 0.1264423 0.0115436 0.0100661 
2133       0.6826761 0.4188648 0.0263072 0.0000000 0.2472284 0.0262389 0.1531215 0.0263124 0.0263802 0.0308475 0.0262406 0.4030469 0.4051900 0.1477181 0.0203476 0.0218752 
2137       1.2787364 0.7681148 0.2416351 0.2472284 0.0000000 0.2422345 0.3508194 0.2341735 0.2471782 0.2452831 0.2384518 0.7690394 0.7482417 0.3667074 0.2422589 0.2398068 
2165       0.7197576 0.3942300 0.0173669 0.0262389 0.2422345 0.0000000 0.1355165 0.0115451 0.0115763 0.0101220 0.0057400 0.3877330 0.3898436 0.1368266 0.0115131 0.0129968 
2174       0.9911978 0.5681573 0.1318508 0.1531215 0.3508194 0.1355165 0.0000000 0.1285528 0.1429331 0.1378667 0.1321786 0.5791947 0.5574131 0.2283641 0.1355277 0.1335309 
2176       0.7057991 0.3934255 0.0115131 0.0263124 0.2341735 0.0115451 0.1285528 0.0000000 0.0174635 0.0130678 0.0086458 0.3825353 0.3846349 0.1297998 0.0115458 0.0100680 
2182       0.7231244 0.4051353 0.0174602 0.0263802 0.2471782 0.0115763 0.1429331 0.0174635 0.0000000 0.0160408 0.0115771 0.3895314 0.3916504 0.1375125 0.0115756 0.0130670 
2183       0.7262422 0.4073923 0.0189288 0.0308475 0.2452831 0.0101220 0.1378667 0.0130678 0.0160408 0.0000000 0.0043248 0.3963177 0.3984499 0.1392023 0.0159528 0.0174624 
2186       0.7134274 0.3987399 0.0144504 0.0262406 0.2384518 0.0057400 0.1321786 0.0086458 0.0115771 0.0043248 0.0000000 0.3877836 0.3898947 0.1334595 0.0115139 0.0129976 
DB_1955    0.5629888 0.0277186 0.3823868 0.4030469 0.7690394 0.3877330 0.5791947 0.3825353 0.3895314 0.3963177 0.3877836 0.0000000 0.0159518 0.5650645 0.3788802 0.3758206 
DB_1961    0.5654337 0.0202385 0.3800953 0.4051900 0.7482417 0.3898436 0.5574131 0.3846349 0.3916504 0.3984499 0.3898947 0.0159518 0.0000000 0.5436112 0.3809745 0.3779075 
DB_2018    0.9668160 0.5542110 0.1264423 0.1477181 0.3667074 0.1368266 0.2283641 0.1297998 0.1375125 0.1392023 0.1334595 0.5650645 0.5436112 0.0000000 0.1301147 0.1281247 
DB_2218    0.7072906 0.3942820 0.0115436 0.0203476 0.2422589 0.0115131 0.1355277 0.0115458 0.0115756 0.0159528 0.0115139 0.3788802 0.3809745 0.1301147 0.0000000 0.0043128 
DB_2221    0.7026011 0.3911568 0.0100661 0.0218752 0.2398068 0.0129968 0.1335309 0.0100680 0.0130670 0.0174624 0.0129976 0.3758206 0.3779075 0.1281247 0.0043128 0.0000000 
